0.042822 114
16.534183 52
1.071009 159
0.221915 1
0.200472 1
0.546500 1
0.004937 1
0.061042 1
0.027295 1
0.027294 1
0.014348 1
0.047945 1
0.045535 1
0.039644 1
0.003165 1
0.074561 1
0.400161 1
0.666030 36
0.243799 36
0.635137 31
0.198289 31
0.286158 31
0.241568 31
0.244921 31
0.227321 31
0.207954 31
0.233008 31
0.873250 11
0.018099 398
1.008850 77
1.011137 34
1.010242 33
0.126851 46
0.001015 114
17.107486 52
1.392122 161
0.514351 4
0.032640 4
0.032491 4
0.033401 4
0.034331 4
0.032857 4
0.034174 4
0.032311 4
0.032835 4
0.034250 4
0.031981 4
0.033340 4
0.033401 4
0.034584 4
0.032090 5
0.032737 5
0.034099 4
0.032774 4
0.032255 4
0.033573 4
0.033833 4
0.032652 4
0.033499 4
0.033817 4
0.032963 4
0.031806 4
0.033499 4
0.033026 4
0.033931 4
0.033163 4
0.033704 4
0.033059 4
0.032902 4
0.033744 4
0.032754 4
0.033118 4
0.034216 4
0.033463 4
0.032897 1
0.032278 1
0.545249 1
0.256711 1
9.307790 299
0.698014 376
0.000985 9
0.025677 3
0.000259 34
0.000490 5
0.000049 6
0.000818 1
0.000371 18
0.000334 6
0.000047 1
0.000696 5
0.000087 2
0.002184 67
0.000025 2
0.000091 2
0.000462 7
0.000116 5
0.000438 6
0.001033 17
0.001120 1
0.000547 1
0.000498 1
0.000555 1
0.000330 1
0.000568 1
0.000797 1
0.000502 1
0.000491 1
0.000501 1
0.000486 1
0.000549 1
0.000779 1
0.000525 1
0.000579 1
0.000617 1
0.000530 1
0.000714 1
0.000566 1
0.000544 1
0.003393 1
0.000591 1
0.000484 1
0.000410 1
0.001096 1
0.000794 1
0.001119 1
0.000901 1
0.000704 1
0.001077 1
0.000843 1
0.000744 1
0.000850 1
0.001019 1
0.001311 1
0.004318 1
0.001542 1
0.001569 1
0.003304 3
0.001365 1
0.001098 1
0.000460 1
0.000876 1
0.000971 1
0.001336 1
0.001444 1
0.003110 1
0.001455 1
0.001603 1
0.001057 1
0.001068 1
0.000903 1
0.000997 1
0.000897 1
0.000875 1
0.001006 1
0.001081 1
0.001154 1
0.001492 1
0.003870 1
0.002454 1
0.001837 1
0.001261 1
0.001258 1
0.001345 1
0.001180 1
0.001085 1
0.001693 1
0.004087 1
0.001894 1
0.001327 1
0.001618 1
0.000849 1
0.001143 1
0.001147 1
0.001256 1
0.001158 1
0.001136 1
0.001475 1
0.003432 1
0.001538 1
0.000963 1
0.000942 1
0.001068 1
0.001180 1
0.002876 49
0.000123 2
0.000054 1
0.000055 1
0.000088 1
0.000069 1
0.000081 1
0.000227 3
0.000335 3
0.000021 1
0.000081 1
0.000294 5
0.000021 1
0.000189 3
0.000059 4
0.000083 4
0.000252 14
0.000096 1
0.000061 6
0.000019 1
0.000017 7
0.000110 4
0.000056 3
0.000055 2
0.000045 4
0.000019 1
0.000187 6
0.000088 3
0.000015 1
0.000201 2
0.000145 2
0.000168 2
0.000069 1
0.000049 1
0.000175 3
0.000218 3
0.000074 2
0.000094 2
0.000204 4
0.000095 2
0.000216 3
0.000182 4
0.000254 5
0.000080 1
0.000235 4
0.000169 2
0.000139 3
0.000158 4
0.000062 1
0.000365 6
0.000168 4
0.000120 1
0.000940 1
0.001038 1
0.000588 1
0.000727 1
0.000643 1
0.000616 1
0.000761 1
0.000866 1
0.001658 1
0.002097 1
0.001109 1
0.000727 1
0.000721 1
0.000710 1
0.000543 1
0.000944 1
0.000487 1
0.000606 1
0.000638 1
0.001254 1
0.000432 1
0.000738 1
0.000533 1
0.000646 1
0.000606 1
0.001143 1
0.001694 1
0.000740 1
0.001799 1
0.000797 1
0.001260 1
0.000746 1
0.000989 1
0.000935 1
0.001365 1
0.000795 1
0.000427 1
0.000694 1
0.001057 1
0.000619 1
0.000767 1
0.001377 1
0.001401 1
0.001125 1
0.001464 1
0.001268 1
0.001071 1
0.000952 1
0.001233 1
0.001500 1
0.001076 1
0.000722 1
0.001348 1
0.000678 1
0.001169 1
0.000666 1
0.000942 1
0.000812 1
0.000570 1
0.000803 1
0.000825 1
0.000710 1
0.000890 1
0.000764 1
0.001291 1
0.000816 1
0.001125 1
0.001215 1
0.001410 1
0.003242 1
0.001878 1
0.001106 1
0.000648 1
0.000879 1
0.000339 1
0.001033 1
0.000677 1
0.000673 1
0.000785 1
0.000758 1
0.001581 1
0.023313 19
0.007243 4
0.001346 1
0.000786 1
0.001051 1
0.001459 1
0.001138 1
0.000399 1
0.000525 1
0.000565 1
0.000539 1
0.000353 1
0.000618 1
0.000374 1
0.000713 1
0.001702 1
0.002951 1
0.001366 1
0.001192 1
0.009921 4
0.000543 13
0.002175 3
0.002668 1
0.000343 1
0.001543 1
0.001002 1
0.001919 1
0.000984 1
0.002114 2
0.000788 1
0.001288 1
0.000735 1
0.000949 1
0.001162 1
0.001105 1
0.001049 1
0.001461 1
0.001127 1
0.004250 1
0.001277 1
0.000820 1
0.001005 1
0.000901 1
0.001176 1
0.003803 1
0.000723 1
0.000794 1
0.001702 1
0.001444 1
0.001225 1
0.000902 1
0.000860 1
0.000727 1
0.001566 1
0.000894 1
0.001770 1
0.001043 1
0.000656 1
0.000752 1
0.001629 1
0.000553 1
0.000674 1
0.000636 1
0.000979 1
0.000776 1
0.000886 1
0.000460 1
0.000258 1
0.000700 1
0.000568 1
0.000838 1
0.000389 1
0.001224 1
0.000441 1
0.001421 1
0.000852 1
0.000932 1
0.000390 1
0.000999 1
0.001201 1
0.000150 1
0.001090 1
0.001224 1
0.000703 1
0.001000 1
0.000931 1
0.000752 1
0.001199 1
0.000739 1
0.001133 1
0.001582 1
0.000492 1
0.000507 1
0.000864 1
0.000507 1
0.000838 1
0.000674 1
0.000998 1
0.000719 1
0.000874 1
0.000563 1
0.001188 1
0.000873 1
0.001168 1
0.001646 1
0.000768 1
0.000974 1
0.000970 1
0.000844 1
0.000794 1
0.000674 1
0.001035 1
0.000586 1
0.000911 1
0.000571 1
0.000633 1
0.000929 1
0.000518 1
0.001379 2
0.000607 1
0.000795 1
0.001464 1
0.001324 1
0.001093 1
0.000733 1
0.000688 1
0.000897 1
0.001040 1
0.000874 1
0.001129 1
0.000933 1
0.000759 1
0.001043 1
0.001815 1
0.001117 1
0.000628 1
0.000695 1
0.001363 1
0.000689 1
0.000477 1
0.000756 1
0.000761 1
0.000926 1
0.001020 1
0.000839 1
0.001166 1
0.001683 1
0.000789 1
0.001148 1
0.000747 1
0.001908 1
0.000809 1
0.001096 1
0.000400 1
0.000767 1
0.000727 1
0.000770 1
0.000840 1
0.000775 1
0.001520 1
0.000576 1
0.000796 1
0.000882 1
0.000852 1
0.001022 1
0.000550 1
0.000899 1
0.001676 1
0.001071 1
0.000831 1
0.000808 1
0.001009 1
0.001011 1
0.001277 1
0.001126 1
0.000866 1
0.000973 1
0.000800 1
0.001355 1
0.000898 1
0.000843 1
0.000696 1
0.000933 1
0.000594 1
0.001508 1
0.000754 1
0.001014 1
0.000834 1
0.001150 1
0.001043 1
0.000571 1
0.000794 1
0.000576 1
0.000941 1
0.000728 1
0.001352 1
0.000381 1
0.001583 1
0.000840 1
0.001157 1
0.001386 1
0.003100 1
0.000983 1
0.002674 1
0.000782 1
0.000196 1
0.001621 1
0.003573 1
0.001049 1
0.001177 1
0.004740 5
0.001004 1
0.001069 1
0.000846 1
0.000839 1
0.003034 1
0.000767 1
0.001143 1
0.001023 1
0.000710 1
0.005442 3
0.002785 1
0.001211 1
0.001033 1
0.000861 1
0.000966 1
0.000828 1
0.001304 1
0.000819 1
0.000801 1
0.001014 1
0.001251 1
0.001175 1
0.001020 1
0.000970 1
0.001276 1
0.000424 1
0.000883 1
0.001110 1
0.000533 1
0.000882 1
0.000637 1
0.002117 1
0.001054 1
0.001101 1
0.001199 1
0.000610 1
0.001020 1
0.000927 1
0.001350 1
0.000725 1
0.001018 1
0.000590 1
0.000739 1
0.001055 1
0.000499 1
0.000762 1
0.000444 1
0.001240 1
0.000552 1
0.000630 1
0.000837 1
0.001055 1
0.000553 1
0.001199 1
0.000742 1
0.001310 1
0.000803 1
0.001136 1
0.000690 1
0.000605 1
0.000548 1
0.000438 1
0.000476 1
0.000610 1
0.000476 1
0.000998 1
0.000723 1
0.001589 1
0.000892 1
0.000642 2
0.000696 1
0.000420 1
0.000625 1
0.000866 1
0.000496 1
0.000715 1
0.000754 1
0.000555 1
0.000657 2
0.002665 1
0.000526 1
0.000835 1
0.000880 1
0.000683 1
0.001016 1
0.000595 1
0.000948 1
0.000997 1
0.001001 1
0.000587 1
0.000847 1
0.001219 1
0.000705 1
0.001003 1
0.001116 1
0.000932 1
0.001434 1
0.001616 1
0.000841 1
0.000892 1
0.001366 1
0.001045 1
0.001203 1
0.000674 1
0.001701 1
0.002578 1
0.001231 1
0.001968 1
0.000794 1
0.000597 1
0.001429 1
0.001235 1
0.000537 1
0.001111 1
0.001084 1
0.001089 1
0.000388 1
0.001392 1
0.000492 1
0.000801 1
0.000830 1
0.000964 1
0.000694 1
0.000704 1
0.000483 1
0.000832 1
0.000812 1
0.000430 1
0.000760 1
0.000967 1
0.001160 1
0.000965 1
0.001070 1
0.000701 1
0.001073 1
0.002018 1
0.000693 1
0.001059 1
0.001164 1
0.000686 1
0.000697 1
0.000465 1
0.000706 1
0.000495 1
0.000820 1
0.000580 1
0.000751 1
0.000774 1
0.000505 1
0.001026 1
0.000628 1
0.001108 1
0.000349 1
0.000930 1
0.000849 1
0.000792 1
0.001034 1
0.000958 1
0.001274 1
0.001480 1
0.001075 1
0.000506 1
0.000836 1
0.001385 1
0.000935 1
0.000682 1
0.000796 1
0.001154 1
0.001073 1
0.001024 1
0.000449 1
0.000750 1
0.001130 1
0.000709 1
0.000683 1
0.000495 1
0.001587 1
0.001135 1
0.001095 1
0.000935 1
0.001810 1
0.000968 1
0.001497 1
0.001446 1
0.001368 1
0.000721 1
0.000832 1
0.000979 1
0.000758 1
0.001243 1
0.000351 1
0.000860 1
0.001315 2
0.000852 1
0.000421 1
0.000827 1
0.000455 1
0.001125 1
0.000305 1
0.000743 1
0.001008 1
0.002129 1
0.001263 1
0.001219 1
0.001031 1
0.000994 1
0.001399 1
0.001060 1
0.000935 1
0.001461 1
0.000818 1
0.001207 1
0.000967 1
0.001156 1
0.001300 1
0.002222 1
0.001818 1
0.001562 1
0.001592 1
0.001113 1
0.001318 1
0.001198 1
0.001051 1
0.001167 1
0.001240 1
0.001055 1
0.001175 1
0.001222 1
0.000833 1
0.000833 1
0.001360 1
0.000875 1
0.001158 1
0.000863 1
0.001852 1
0.001000 1
0.001219 1
0.001122 1
0.001263 1
0.001219 1
0.000863 1
0.000877 1
0.001162 1
0.001108 1
0.001047 1
0.000873 1
0.001119 1
0.000779 1
0.001200 1
0.001057 1
0.001040 1
0.001038 1
0.001148 1
0.001152 1
0.001331 1
0.001455 1
0.001273 1
0.002242 1
0.001949 1
0.000854 1
0.000912 1
0.000962 1
0.000927 1
0.000930 1
0.000960 1
0.000918 1
0.000968 1
0.001108 3
0.011537 7
0.011724 114
11.114051 128
0.383343 234
0.112283 67
0.001078 67
0.000595 203
0.000450 64
0.001203 70
0.001152 114
10.670727 38
0.092974 69
0.007806 59
0.000658 114
8.039680 31
0.361604 115
2.483104 47
0.587774 4
0.200698 4
0.519490 4
0.039626 4
0.026877 4
0.034354 4
0.031604 4
0.027162 4
0.044333 4
0.036523 4
0.023219 4
0.048697 4
0.038291 4
0.013904 4
0.039038 4
0.031861 4
0.028614 4
0.047422 4
0.033384 4
0.024090 4
0.233392 4
0.675158 11
1.918326 301
0.035902 114
16.225189 140
18.566458 216
0.000046 9
0.982979 480
1.104163 86
1.483452 32
0.014118 80
0.000155 114
7.779435 44
0.456749 147
1.167227 480
0.753137 86
0.028281 114
10.125436 540
0.836031 508
0.000032 9
0.307562 36
0.335786 40
0.329631 34
0.381186 46
0.348349 31
0.339032 31
0.383384 31
0.511734 31
0.568445 31
0.020411 114
9.282040 64
0.768536 181
0.308167 57
0.002397 114
6.936539 42
0.829912 164
0.199307 57
0.004194 114
76.572442 26
0.548134 36
0.000185 9
0.033149 8
0.000169 67
0.000585 56
0.000930 623
0.000039 17
11.588970 6
0.000197 8
0.009780 29
0.001622 152
0.000115 155
0.000019 37
0.000105 238
0.000212 80
3.128504 6
0.000028 142
0.000066 99
1.596744 285
0.000046 65
0.966545 6
0.000089 45
0.002860 70
0.000235 61
0.001185 114
9.022158 18
0.387046 29
0.213468 335
0.003655 114
91.359060 26
0.284604 45
0.006171 62
0.000025 13
0.002292 58
0.000030 40
0.002259 393
0.000052 897
15.116556 6
0.000203 8
0.006299 29
0.000699 172
1.483380 6
0.000244 174
2.928016 109
0.000042 194
0.000087 155
3.994982 6
0.000439 45
0.004415 167
0.000055 329
0.000028 23
0.000041 12
0.000031 6
0.851744 6
0.000362 5
0.000153 60
0.001157 114
7.248645 38
0.830596 69
0.229636 57
0.001973 114
81.778984 45
0.676260 83
0.251317 57
0.004499 114
23.928380 30
0.712567 53
0.493789 57
0.000289 38
0.002767 114
13.651679 29
0.508497 51
1.519463 251
0.136199 114
43.932530 14
0.386200 21
0.005353 10
0.000124 315
0.000754 8
0.000101 106
4.737886 30
0.760922 53
0.242077 57
0.000344 38
0.003115 114
35.999860 362
0.724522 429
0.574309 66
0.825177 114
6.697254 18
0.272561 29
0.267425 298
0.000046 290
0.002922 114
6.204028 38
0.301840 69
0.386894 168
0.001172 218
0.000670 68
0.014681 114
8.860195 101
0.514447 101
0.059514 231
0.000068 8
0.017542 163
0.003970 114
19.042039 172
0.301848 257
0.684415 74
0.008570 114
8.494252 558
0.704680 575
0.000046 9
0.476671 30
0.417020 131
0.424806 167
0.428673 36
0.411097 27
0.487531 22
0.395461 22
0.494068 29
0.639221 22
0.424478 22
0.432368 22
0.373545 22
0.385185 32
0.372926 22
0.408195 30
0.381941 22
0.396453 131
0.013237 114
8.664698 74
0.598801 196
0.008871 238
0.000070 1
0.010782 56
0.000059 25
0.001178 3
0.001546 114
20.526738 91
0.551667 213
0.070736 71
0.005290 114
10.570693 89
0.402359 206
0.000169 10
16.639129 21
1.239671 11
0.000222 17
0.000016 2
0.000281 114
1.047940 85
0.814670 202
0.064017 65
60.042602 114
0.000549 8
0.000333 106
328.006527 286
0.580338 381
0.000227 9
0.356858 54
0.003407 114
38.293549 21
0.669694 35
0.513824 828
0.003360 114
13.778049 251
0.772956 324
0.422035 42
3.160781 33
0.687773 47
0.000157 141
0.000214 105
0.000017 36
0.000051 94
0.000494 94
0.365296 48
0.396909 23
0.000046 87
0.101800 46
0.000819 46
0.000483 46
0.099018 46
0.100558 110
0.000693 46
0.099183 110
0.098482 222
0.099376 110
0.000024 112
0.106846 112
0.000112 110
0.094641 222
0.098672 112
0.000061 110
0.099218 112
0.000718 69
0.000246 87
0.099690 222
0.099870 222
0.101808 222
0.097772 222
0.100251 222
0.099864 222
0.101304 158
0.000867 48
0.098510 112
0.100123 112
0.098799 112
0.101285 112
0.099089 112
0.100202 224
0.100364 224
0.099383 136
0.000095 88
0.100634 112
0.000043 112
0.101035 224
0.098366 24
0.000039 200
0.099960 112
0.000046 112
0.099408 224
0.100721 136
0.000046 88
0.100352 224
0.100554 224
0.100534 224
0.098753 224
0.100800 224
0.099815 219
0.000073 5
0.098937 112
0.000041 112
0.099648 219
0.000046 5
0.100111 224
0.099732 224
0.101273 112
0.000063 112
0.100593 224
0.098838 224
0.100076 224
0.099779 224
0.000045 112
0.099552 246
0.000118 88
0.100601 222
0.000048 112
0.099907 334
0.100443 334
0.099269 247
0.000068 87
0.100110 334
0.099774 136
0.000353 198
0.100895 24
0.000096 310
0.099156 222
0.000044 112
0.100028 247
0.000031 87
0.099171 136
0.000061 198
0.099910 136
0.000040 202
0.000117 106
0.101681 24
0.000457 420
0.099050 136
0.000017 308
0.098754 334
0.000058 110
0.100213 136
0.000065 308
0.100342 245
0.000032 199
0.100093 224
0.000040 220
0.099112 334
0.000023 110
0.100339 357
0.000045 87
0.101617 444
0.099902 444
0.099175 224
0.000023 118
0.000082 102
0.098758 444
0.100611 224
0.000037 220
0.099727 112
0.000067 332
0.101384 224
0.000091 220
0.099252 219
0.000053 225
0.099047 224
0.000052 216
0.000027 4
0.099633 24
0.000027 195
0.000054 115
0.000095 110
0.100195 232
0.000044 212
0.100703 444
0.099710 444
0.099057 330
0.000051 114
0.102097 224
0.000139 220
0.099460 121
0.000092 124
0.000075 199
0.098283 444
0.099692 136
0.000247 308
0.100050 24
0.000066 420
0.099938 24
0.000037 207
0.000119 213
0.100466 332
0.000020 5
0.000138 107
0.100456 334
0.000041 110
0.098082 112
0.000046 332
0.100991 357
0.000043 87
0.099648 444
0.101637 444
0.098983 444
0.099248 135
0.000233 309
0.100374 444
0.100145 120
0.000020 209
0.000019 28
0.000044 87
0.100601 444
0.100217 444
0.098792 136
0.000023 308
0.099767 232
0.000058 212
0.100244 112
0.000147 110
0.000165 134
0.000144 88
0.098470 356
0.000023 88
0.100682 110
0.000198 334
0.101249 334
0.000119 110
0.098727 136
0.000022 202
0.000130 106
0.100827 122
0.000044 212
0.000012 23
0.000045 87
0.099867 334
0.000078 110
0.099036 332
0.000047 112
0.101335 444
0.097929 444
0.100750 444
0.100361 332
0.000043 112
0.099499 444
0.099320 444
0.100166 444
0.111996 444
0.089983 133
0.000062 204
0.000120 107
0.099338 110
0.000792 334
0.099209 228
0.000047 216
0.098637 224
0.000123 220
0.100374 232
0.000028 212
0.099806 343
0.000068 101
0.099892 357
0.000043 87
0.100119 357
0.000057 87
0.100323 107
0.000034 121
0.000079 19
0.000042 95
0.000060 102
0.100332 334
0.000065 110
0.099554 135
0.000033 110
0.000094 199
0.100294 224
0.000106 220
0.098980 135
0.000023 202
0.000088 107
0.100038 444
0.099310 220
0.000051 224
0.100773 444
0.101003 444
0.099186 247
0.000048 197
0.099137 112
0.000020 112
0.000115 220
0.101343 334
0.000085 110
0.099037 135
0.000078 197
0.000262 112
0.098786 112
0.000032 222
0.000114 110
0.101671 356
0.000028 88
0.099819 226
0.000045 218
0.099214 334
0.000067 110
0.099460 218
0.000064 114
0.000013 10
0.000045 102
0.100603 24
0.000076 200
0.000148 220
0.099405 444
0.099864 222
0.000017 222
0.100632 444
0.099416 444
0.101058 444
0.099512 224
0.000032 119
0.000223 101
0.098918 444
0.100849 219
0.000063 5
0.000047 220
0.099849 444
0.099090 112
0.000069 112
0.000478 69
0.000010 87
0.099893 334
0.099571 334
0.100056 334
0.099982 334
0.099966 334
0.100241 334
0.101024 334
0.098407 334
0.100081 246
0.000039 88
0.100154 334
0.100052 334
0.099566 116
0.000111 218
0.100423 334
0.100174 134
0.000019 200
0.101047 122
0.000042 212
0.098881 334
0.099569 136
0.000053 198
0.099656 224
0.000210 110
0.099561 334
0.100745 334
0.098909 334
0.099800 334
0.100475 334
0.101759 112
0.000051 222
0.099003 334
0.100383 112
0.000027 222
0.099320 136
0.000046 198
0.100379 110
0.000178 224
0.099096 120
0.000024 214
0.101593 334
0.099813 224
0.000032 110
0.099514 135
0.000030 199
0.098713 233
0.000048 101
0.102161 334
0.098351 334
0.100195 120
0.000022 126
0.000059 88
0.100343 224
0.000049 110
0.099048 246
0.000066 88
0.100218 334
0.100210 334
0.098925 334
0.101344 334
0.100044 334
0.099808 112
0.000041 222
0.100628 334
0.099171 334
0.100413 334
0.100505 334
0.098591 334
0.100872 24
0.000068 310
0.100263 334
0.099301 224
0.000052 110
0.098930 112
0.000043 222
0.101419 334
0.099327 136
0.000064 198
0.100121 224
0.000044 110
0.100554 5
0.000033 19
0.000128 310
0.099506 24
0.000038 310
0.099348 136
0.000162 198
0.101461 224
0.000030 110
0.099473 134
0.000032 200
0.100282 334
0.098523 112
0.000041 218
0.000031 4
0.099838 121
0.000138 213
0.100464 334
0.099735 334
0.101939 334
0.098765 334
0.099393 222
0.000111 112
0.099844 136
0.000027 88
0.000111 110
0.100883 334
0.099901 334
0.098366 334
0.100765 334
0.100222 334
0.099426 334
0.100852 334
0.099237 334
0.100432 135
0.000068 199
0.098874 110
0.000682 48
0.000013 112
0.100135 222
0.100887 222
0.098832 222
0.099695 112
0.000023 110
0.101209 222
0.099648 222
0.099902 5
0.000046 111
0.000116 106
0.100620 222
0.100256 222
0.098289 222
0.100207 222
0.100144 222
0.099140 222
0.102399 222
0.097925 222
0.100650 222
0.101237 222
0.098722 222
0.100013 222
0.101381 222
0.099594 222
0.099318 222
0.098911 222
0.101184 222
0.099207 121
0.000039 101
0.101076 222
0.099472 222
0.100154 222
0.098944 134
0.000045 88
0.101090 222
0.099466 107
0.000036 28
0.000118 87
0.099056 222
0.100736 222
0.100421 222
0.099072 222
0.100082 222
0.100396 121
0.000047 101
0.101747 222
0.098473 222
0.101636 222
0.098245 218
0.000051 4
0.099431 222
0.101137 222
0.099574 222
0.100903 222
0.099347 222
0.100279 222
0.099783 222
0.099817 222
0.100540 222
0.099925 222
0.098904 135
0.000082 87
0.103479 222
0.096769 218
0.000160 4
0.101016 222
0.099194 222
0.100010 5
0.000383 217
0.098587 112
0.000692 8
0.000065 38
0.010274 42
0.088964 112
0.020249 42
0.080210 24
0.000124 88
0.010756 42
0.089529 112
0.040888 42
0.058277 112
0.010581 42
0.089352 24
0.000103 88
0.010112 42
0.090139 112
0.010381 42
0.090312 112
0.017180 42
0.081685 112
0.011106 42
0.089023 112
0.010261 42
0.090305 24
0.000161 88
0.010078 42
0.089977 112
0.011248 42
0.087866 112
0.016083 42
0.084428 112
0.011230 42
0.099995 112
0.014119 42
0.074721 112
0.011080 42
0.088791 112
0.010676 42
0.088789 112
0.012629 42
0.087937 112
0.001552 44
0.001953 44
0.007196 42
0.088842 112
0.003025 44
0.033362 42
0.063935 112
0.007679 42
0.092063 112
0.002147 42
0.001266 42
0.003279 42
0.093253 112
0.007282 44
0.092691 112
0.004934 44
0.095225 112
0.004815 44
0.095202 112
0.004340 44
0.096313 112
0.005844 44
0.093156 112
0.004896 44
0.095184 112
0.005321 44
0.095067 112
0.011158 44
0.088344 112
0.003995 44
0.096203 112
0.004919 44
0.094903 112
0.006245 44
0.094147 112
0.003444 42
0.001258 44
0.095611 112
0.099827 24
0.000056 88
0.100678 112
0.099282 112
0.101087 112
0.099445 112
0.099867 112
0.099308 112
0.100086 112
0.101374 112
0.098527 112
0.100556 24
0.000030 88
0.099263 112
0.100246 112
0.100875 112
0.099085 112
0.100863 112
0.099091 112
0.100208 112
0.100900 112
0.100128 112
0.098858 112
0.099824 112
0.099877 112
0.100857 112
0.099234 112
0.101028 112
0.099217 112
0.100848 112
0.099683 112
0.100480 112
0.098534 112
0.100956 112
0.100961 112
0.098307 112
0.100389 112
0.099855 112
0.100390 112
0.100437 112
0.099727 112
0.099182 112
0.100217 112
0.100159 112
0.100056 112
0.099732 112
0.100598 112
0.101002 112
0.098407 112
0.100065 112
0.100522 112
0.099541 112
0.099814 112
0.100543 112
0.099935 112
0.099890 112
0.099771 112
0.100776 112
0.098794 112
0.100424 112
0.100873 112
0.099828 112
0.098763 112
0.100644 112
0.099810 112
0.100667 112
0.099384 112
0.101078 112
0.099719 112
0.099845 112
0.099176 112
0.100335 112
0.100369 112
0.100762 112
0.098671 112
0.100700 112
0.098973 112
0.101376 112
0.099155 112
0.101355 112
0.099444 112
0.099071 112
0.100856 112
0.099660 112
0.099687 112
0.100029 112
0.099775 112
0.100368 24
0.000188 88
0.099786 112
0.100049 112
0.099467 112
0.100070 112
0.100875 112
0.100535 112
0.098778 112
0.099989 112
0.100097 112
0.099510 112
0.100862 112
0.099771 112
0.100811 112
0.099345 112
0.101079 112
0.098873 48
0.010455 44
0.092274 44
0.099341 44
0.101611 44
0.100095 44
0.100124 44
0.100798 44
0.098289 44
0.099197 44
0.101099 44
0.100149 44
0.101868 44
0.097140 44
0.101477 44
0.100522 44
0.107309 44
0.091076 44
0.100165 44
0.099062 44
0.102431 44
0.098641 44
0.101001 44
0.098022 44
0.101707 44
0.098757 44
0.101618 44
0.098227 44
0.124653 44
0.074836 44
0.101346 44
0.100147 44
0.100333 44
0.098238 44
0.101187 44
0.099358 44
0.099964 44
0.101985 44
0.100840 44
0.097755 44
0.100129 44
0.109520 44
0.090783 44
0.098706 44
0.104873 44
0.095467 44
0.100160 44
0.100571 44
0.099643 44
0.101150 44
0.099229 44
0.100418 44
0.099809 44
0.100992 44
0.098572 44
0.106345 5
0.000206 39
0.093398 24
0.000112 20
0.099733 44
0.100674 44
0.099435 44
0.102580 44
0.097762 44
0.099801 44
0.100025 44
0.100104 44
0.100200 44
0.100218 44
0.101955 44
0.099387 44
0.099492 44
0.101560 44
0.097895 44
0.100490 44
0.098767 5
0.000038 39
0.100750 44
0.098660 44
0.100840 44
0.099116 44
0.102937 44
0.101090 44
0.087255 42
0.001139 42
0.001289 125
0.000014 46
0.636155 66
0.358093 114
819.761941 271
0.000605 11
0.269875 364
0.000057 9
0.491636 82
0.018144 74
0.009177 114
168.397658 252
0.337648 325
0.314530 49
2.201144 40
0.614751 376
0.000305 94
0.000732 94
0.000267 94
0.000298 47
0.001205 376
0.003445 47
0.101717 5
0.001544 40
0.483271 24
0.000022 88
0.101414 112
0.098796 112
0.002752 48
0.096543 107
0.000044 5
0.100429 136
0.000020 88
0.100061 224
0.099079 219
0.000047 5
0.101124 224
0.099024 224
0.103008 224
0.098503 224
0.099217 136
0.000038 88
0.100313 224
0.100406 158
0.000417 160
0.098591 224
0.100471 48
0.000372 160
0.000714 46
0.000642 48
0.000597 46
0.000571 70
0.000086 88
0.097156 224
0.099987 112
0.000781 160
0.098947 48
0.000582 70
0.000047 88
0.000689 158
0.098825 221
0.000096 112
0.100739 160
0.000061 224
0.098548 248
0.000056 88
0.100786 112
0.000064 224
0.099727 122
0.000037 107
0.000097 107
0.099617 248
0.000022 88
0.100461 222
0.000041 224
0.099927 334
0.000027 112
0.100463 558
0.099629 358
0.000070 200
0.098523 334
0.000062 224
0.101234 224
0.000073 110
0.000119 224
0.099219 446
0.001094 160
0.100040 558
0.099130 470
0.000066 200
0.099711 136
0.000087 422
0.000050 112
0.100740 670
0.100136 334
0.001267 272
0.096996 112
0.001203 281
0.000317 213
0.099303 112
0.000030 334
0.000016 112
0.099751 234
0.000226 324
0.099519 334
0.000022 224
0.100951 446
0.000057 112
0.099528 558
0.098822 558
0.099890 582
0.000052 88
0.100500 334
0.000053 334
0.101316 358
0.000033 208
0.000013 102
0.099624 247
0.000026 203
0.000435 218
0.099351 334
0.000030 334
0.099449 222
0.000031 122
0.000017 102
0.000066 4
0.000253 218
0.100717 248
0.000329 420
0.100780 112
0.000059 136
0.000323 420
0.097793 136
0.000040 203
0.000040 19
0.000210 310
0.099526 444
0.000086 224
0.100745 359
0.000035 309
0.098788 121
0.000031 223
0.000386 324
0.099692 110
0.000066 224
0.000045 112
0.000016 9
0.000016 101
0.000216 112
0.100096 562
0.000027 102
0.000153 4
0.100031 358
0.000055 111
0.000047 87
0.000043 24
0.000013 83
0.000044 5
0.101786 668
0.097714 224
0.000057 246
0.000036 88
0.000016 9
0.000044 101
0.099536 343
0.000023 112
0.000013 101
0.000013 10
0.000012 97
0.000013 5
0.101116 112
0.000075 344
0.000038 102
0.000225 110
0.098636 135
0.000061 222
0.000149 311
0.100219 450
0.000057 218
0.099760 134
0.000097 534
0.100313 334
0.000037 334
0.100290 136
0.000059 92
0.000194 440
0.097654 107
0.000147 227
0.000170 334
0.101253 135
0.000044 199
0.000019 23
0.000033 111
0.000089 200
0.098994 112
0.000021 245
0.000122 311
0.099310 233
0.000101 323
0.000131 112
0.101321 668
0.099871 136
0.000024 88
0.000209 444
0.100657 356
0.000035 312
0.099578 110
0.000061 451
0.000027 5
0.000030 97
0.000028 5
0.099721 222
0.000222 446
0.100471 136
0.000073 222
0.000387 310
0.097046 358
0.000323 198
0.000135 112
0.099597 334
0.000015 246
0.000103 88
0.101665 344
0.000065 110
0.000155 214
0.099743 446
0.000395 222
0.099010 469
0.000052 199
0.099186 233
0.000145 435
0.100179 224
0.000194 444
0.100050 668
0.100256 469
0.000337 199
0.100004 469
0.000211 199
0.098270 336
0.000079 222
0.000243 110
0.101639 112
0.000760 556
0.097808 24
0.000031 320
0.000116 212
0.000023 112
0.100570 668
0.100271 446
0.000034 222
0.098779 668
0.102908 224
0.000024 231
0.000090 323
0.101109 224
0.000059 231
0.000040 97
0.000012 4
0.000016 23
0.000037 87
0.000037 10
0.000063 102
0.095669 247
0.000052 199
0.000016 216
0.000062 4
0.000073 112
0.100456 469
0.000032 309
0.100147 675
0.000074 103
0.100181 136
0.000069 530
0.000021 10
0.000205 102
0.098618 23
0.000027 321
0.000289 324
0.000048 110
0.099997 224
0.000548 554
0.099231 110
0.000035 112
0.000146 444
0.000025 24
0.000010 88
0.102718 578
0.000025 200
0.096977 136
0.000037 420
0.000122 222
0.100371 136
0.000023 222
0.000012 111
0.000065 87
0.000033 23
0.000129 199
0.099121 121
0.000027 213
0.000107 356
0.000038 88
0.099235 136
0.000023 222
0.000155 420
0.100684 336
0.000603 70
0.000029 198
0.000124 110
0.099279 331
0.000041 121
0.000066 19
0.000202 197
0.099074 234
0.000050 322
0.000225 112
0.100784 224
0.000072 222
0.000414 222
0.098045 232
0.000041 334
0.000008 15
0.000065 87
0.101867 668
0.099886 552
0.000430 116
0.098719 469
0.000069 199
0.100076 565
0.000052 103
0.099629 219
0.000215 250
0.000201 199
0.099209 135
0.000021 304
0.000181 229
0.100743 468
0.000050 200
0.100199 444
0.000021 136
0.000136 88
0.099714 336
0.000032 120
0.000252 212
0.099351 112
0.000065 219
0.000015 13
0.000012 15
0.000036 87
0.000021 23
0.000193 199
0.098895 224
0.000033 330
0.000182 114
0.100256 136
0.000093 532
0.099278 446
0.000058 222
0.101942 224
0.000069 342
0.000016 14
0.000061 88
0.098597 336
0.000033 116
0.000169 216
0.099506 336
0.000083 332
0.100745 668
0.098621 136
0.000022 195
0.000013 9
0.000009 5
0.000012 97
0.000009 4
0.000011 9
0.000009 97
0.000066 116
0.100972 224
0.000058 218
0.000058 226
0.099322 359
0.000054 309
0.101279 110
0.000171 329
0.000018 5
0.000347 224
0.097903 122
0.000069 214
0.000016 9
0.000043 103
0.000124 220
0.099129 245
0.000041 311
0.000149 112
0.101397 112
0.000041 247
0.000304 309
0.098922 107
0.000038 29
0.000041 200
0.000092 332
0.099145 668
0.100713 136
0.000031 200
0.000049 23
0.000016 87
0.000191 222
0.099367 224
0.000046 112
0.000064 110
0.000840 158
0.099105 165
0.000029 217
0.000057 112
0.099468 224
0.000043 222
0.099572 224
0.000025 222
0.100317 136
0.000046 310
0.100722 136
0.000074 310
0.099437 136
0.000047 198
0.000208 112
0.100505 136
0.000028 194
0.000038 9
0.000088 107
0.099116 446
0.100047 442
0.000045 4
0.100595 248
0.000025 111
0.000035 87
0.099398 224
0.000063 112
0.000188 110
0.098996 446
0.100496 112
0.000050 334
0.100328 446
0.099691 112
0.000047 334
0.100248 246
0.000123 200
0.099883 248
0.000095 198
0.100486 224
0.000056 222
0.098512 446
0.100464 122
0.000035 102
0.000204 222
0.099499 446
0.100792 446
0.099228 224
0.000046 222
0.099758 136
0.000016 310
0.102288 358
0.000042 88
0.098681 224
0.000101 222
0.100255 222
0.000023 224
0.098975 24
0.000049 417
0.000113 5
0.100105 246
0.000042 112
0.000222 88
0.100144 222
0.000032 224
0.099236 232
0.000044 214
0.099973 112
0.000033 222
0.000097 112
0.101118 224
0.000046 116
0.000015 102
0.000009 4
0.099051 24
0.000048 335
0.000049 87
0.100389 446
0.099139 441
0.000043 5
0.100252 112
0.000039 334
0.099770 224
0.000079 222
0.099800 446
0.100775 122
0.000024 222
0.000013 102
0.099998 446
0.100371 136
0.000019 222
0.000174 88
0.100459 247
0.000053 199
0.099754 446
0.098671 136
0.000051 208
0.000035 102
0.100319 8
0.000048 214
0.000196 224
0.100251 112
0.000047 116
0.000091 218
0.099797 336
0.000146 110
0.098861 112
0.000044 222
0.000011 24
0.000180 88
0.100095 224
0.000138 222
0.099997 136
0.000023 88
0.000243 222
0.099019 233
0.000030 125
0.000128 88
0.100607 112
0.000028 222
0.000103 112
0.099471 136
0.000024 203
0.000009 107
0.100458 112
0.000151 334
0.100122 358
0.000042 88
0.098851 446
0.100050 446
0.100158 112
0.000036 334
0.101117 112
0.000063 334
0.099294 330
0.000080 116
0.099170 24
0.000019 112
0.000052 310
0.099908 343
0.000044 103
0.100001 224
0.000021 222
0.101141 135
0.000040 194
0.000139 117
0.099527 232
0.000060 214
0.099989 222
0.000024 224
0.099124 334
0.000052 112
0.100056 446
0.099800 224
0.000219 222
0.100223 446
0.099974 336
0.000045 110
0.099544 446
0.100346 330
0.000042 116
0.099507 246
0.000130 200
0.100705 107
0.000570 339
0.099439 224
0.000169 222
0.098945 136
0.000046 204
0.000031 106
0.100211 24
0.000155 422
0.101347 247
0.000024 97
0.000134 102
0.098953 224
0.000216 222
0.100352 446
0.098554 339
0.000042 107
0.100223 446
0.100808 334
0.000014 112
0.099620 446
0.099415 122
0.000018 102
0.000083 222
0.100031 136
0.000042 310
0.099958 334
0.000045 112
0.100753 222
0.000548 160
0.099083 232
0.000339 102
0.100019 334
0.100443 121
0.000054 213
0.098454 334
0.101010 112
0.000065 222
0.100240 224
0.000053 110
0.098986 334
0.100960 334
0.099238 334
0.100840 334
0.099975 334
0.099267 334
0.099597 5
0.000041 329
0.100668 334
0.098875 247
0.000041 87
0.100715 334
0.100707 112
0.000026 222
0.099373 232
0.000054 102
0.101559 334
0.098371 224
0.000057 110
0.100357 135
0.000065 199
0.099022 334
0.099819 122
0.000050 212
0.100226 334
0.100037 334
0.099664 232
0.000035 102
0.100452 224
0.000054 110
0.100254 110
0.000759 72
0.000015 88
0.024940 44
0.073484 222
0.030962 44
0.068919 222
0.026629 44
0.074457 222
0.033982 44
0.066230 222
0.029334 44
0.069770 222
0.028880 44
0.073132 112
0.000035 110
0.030180 44
0.067709 222
0.035369 44
0.067336 222
0.026685 44
0.070350 222
0.031493 9
0.000045 35
0.068380 222
0.032818 44
0.068245 71
0.000044 87
0.025968 44
0.072961 110
0.019323 44
0.007405 44
0.074675 110
0.029254 44
0.069199 110
0.102165 46
4.998693 23
0.000137 87
0.099914 110
0.100407 110
0.099345 110
0.099686 110
0.100227 110
0.099559 110
0.100787 110
0.099559 110
0.100174 110
0.099933 110
0.100443 110
0.099655 110
0.099471 110
0.100836 110
0.099558 110
0.099719 110
0.099787 110
0.100550 110
0.099577 110
0.100069 110
0.099743 110
0.100025 110
0.100856 110
0.099836 110
0.100778 110
0.099284 110
0.099829 110
0.099656 110
0.100162 110
0.099775 110
0.100224 110
0.100127 110
0.099644 110
0.100839 110
0.099744 110
0.101086 110
0.098967 110
0.099675 110
0.100139 110
0.100693 110
0.099208 110
0.100444 110
0.099983 110
0.100745 110
0.098320 110
0.100415 110
0.100475 110
0.099733 110
0.099939 110
0.099539 110
0.100442 110
0.099791 110
0.101360 23
0.002145 87
0.097007 110
0.100281 110
0.099066 110
0.099975 110
0.100811 110
0.099390 110
0.100290 110
0.099929 110
0.099881 110
0.099862 110
0.100031 110
0.099625 110
0.100293 110
0.100076 110
0.100105 110
0.100025 110
0.099775 110
0.099793 110
0.100292 110
0.099841 110
0.100082 110
0.100936 110
0.100185 110
0.099036 110
0.099836 110
0.099830 110
0.101125 110
0.099221 23
0.000117 87
0.101613 110
0.097784 110
0.100985 110
0.099173 110
0.100902 110
0.099595 110
0.099453 110
0.100229 110
0.100063 110
0.100609 110
0.099257 110
0.100193 110
0.100758 110
0.098889 110
0.100035 110
0.101072 110
0.099727 110
0.100594 110
0.098714 110
0.100048 110
0.101209 110
0.098649 110
0.100357 110
0.100294 110
0.099809 110
0.100029 110
0.099851 110
0.099761 110
0.099662 110
0.100340 110
0.100642 110
0.099715 110
0.100654 110
0.098905 110
0.101435 110
0.099345 110
0.100316 110
0.098931 110
0.100413 110
0.099552 110
0.100587 110
0.099460 110
0.100074 110
0.099859 110
0.100602 110
0.100231 110
0.100205 110
0.100217 110
0.099503 110
0.100243 110
0.099268 110
0.100922 110
0.099669 110
0.100375 110
0.100546 110
0.099002 110
0.099450 110
0.099887 110
0.099779 23
0.000052 87
0.100971 110
0.099605 110
0.099556 110
0.101870 23
0.000044 87
0.098877 110
0.099356 110
0.100655 110
0.099589 110
0.100620 9
0.000047 101
0.099504 110
0.099448 110
0.100298 110
0.099915 110
0.100582 110
0.099464 110
0.100345 110
0.099740 110
0.100124 110
0.099601 110
0.100403 110
0.100061 110
0.099175 110
0.100559 110
0.100914 110
0.099374 110
0.099650 110
0.100514 110
0.099624 110
0.099576 110
0.101976 110
0.098265 110
0.100109 110
0.099725 110
0.100443 110
0.099841 110
0.099874 110
0.100102 110
0.099935 110
0.100346 110
0.099724 110
0.099912 110
0.099552 110
0.100131 110
0.100426 110
0.099873 110
0.100228 110
0.099534 110
0.100138 110
0.099664 110
0.100348 110
0.099684 110
0.100555 110
0.099533 110
0.100499 110
0.100194 110
0.099544 110
0.100296 110
0.100184 110
0.099731 110
0.099629 110
0.099898 110
0.101441 110
0.098975 110
0.100382 110
0.099790 110
0.101642 110
0.098321 110
0.100003 46
0.029981 42
0.101903 42
0.102419 42
0.092912 42
0.100559 42
0.099156 42
0.102980 42
0.101946 42
0.092138 42
0.104773 42
0.101136 42
0.104226 42
0.095866 42
0.099091 42
0.099085 42
0.101274 42
0.101443 42
0.103088 42
0.093785 42
0.102764 42
0.098203 42
0.109197 42
0.094149 42
0.096404 42
0.098637 42
0.099957 42
0.104611 42
0.091509 38
0.000035 4
0.100790 42
0.104028 42
0.097860 42
0.101310 42
0.101312 42
0.098541 42
0.101705 42
0.099662 42
0.102812 42
0.098637 42
0.096534 42
0.105050 42
0.096425 42
0.091816 44
0.001600 44
0.097692 44
0.096547 44
0.004258 44
0.087513 44
0.112951 42
0.002726 42
0.002466 44
0.093682 44
0.098897 44
0.099869 44
0.103628 44
0.085088 44
0.007040 44
0.013732 44
0.073756 44
0.016344 9
0.000048 79
0.016265 42
0.081229 42
0.099878 42
0.104859 42
0.096387 42
0.099160 42
0.097918 42
0.102487 38
0.000035 4
0.097742 42
0.102937 42
0.097296 42
0.096332 44
0.003149 42
0.098022 44
0.099948 44
0.100465 44
0.096694 44
0.100897 44
0.101609 44
0.099806 44
0.090022 44
0.008737 44
0.003433 44
0.087901 42
0.005467 44
0.099460 44
0.099865 44
0.100285 44
0.099108 44
0.099836 44
0.100451 44
0.099432 44
0.105105 44
0.095248 44
0.116278 44
0.084611 44
0.102133 44
0.097670 44
0.099060 42
0.003092 44
0.086408 44
0.001684 176
0.541124 66
0.245680 114
63.386725 28
0.711776 49
0.094772 27
3.054418 2
0.300708 13
0.117232 88
0.000020 81
0.017730 128
0.130802 47
0.009751 214
0.018277 127
0.001361 70
0.019673 117
0.008487 178
0.106551 80
0.053746 120
0.083501 25
0.022581 167
0.089259 57
0.014343 198
0.251719 103
0.000382 59
0.021285 240
0.033320 445
0.064897 440
0.181664 156
0.000062 97
0.071146 406
0.000065 91
0.003215 433
0.002747 429
0.008631 144
0.000311 88
0.018735 146
0.000018 81
0.078273 81
0.086342 250
0.037047 264
0.041706 172
0.000320 103
0.027674 286
0.023390 193
0.080621 70
0.164555 353
0.000242 98
0.119960 453
0.003160 158
0.365085 310
0.025050 107
0.000130 72
0.037451 344
0.059907 342
0.058302 104
0.000201 67
0.002175 104
0.000185 61
0.183167 316
0.056826 324
0.064692 117
0.000658 201
0.004998 96
0.000270 67
0.075420 104
0.000283 69
0.054101 106
0.000185 61
0.241587 99
0.000222 68
0.050559 106
0.000338 70
0.121447 108
0.021205 222
0.001007 65
0.131143 324
0.002129 512
0.028351 329
0.000302 99
0.310556 42
0.000106 34
0.154363 48
0.000404 34
0.002575 49
0.000138 37
0.000722 52
0.000196 37
0.002011 52
0.001228 37
0.002968 103
2.496069 29
0.015079 58
0.002996 29
0.023885 29
0.052939 29
0.001423 29
0.010070 29
0.001128 29
0.656507 30
0.097219 30
0.000425 30
0.110401 30
0.000647 30
0.004202 30
0.001063 30
0.001304 30
0.000429 30
0.014693 30
0.002544 30
0.004397 60
0.095593 60
0.020886 60
0.106364 60
0.009884 60
0.140598 60
0.030901 30
0.010791 30
0.003756 60
0.001391 30
0.000287 30
0.002701 30
0.000770 30
0.000202 30
0.000697 30
0.002751 30
0.000484 30
0.000472 30
0.000736 60
0.000537 30
0.000906 60
0.034046 30
0.006387 60
0.019724 60
0.024479 60
0.007152 60
0.057228 60
0.032274 30
0.010116 30
0.003624 60
0.093717 30
0.000665 30
0.090486 33
0.034498 114
7.136996 37
0.377692 150
0.000024 9
0.042478 29
0.024570 64
0.015110 64
0.117614 66
0.575664 33
0.029991 70
0.011233 33
0.001440 37
0.948346 54
0.000589 8
0.004138 134
0.200792 47
0.000337 14
0.092207 65
0.065314 103
0.007367 22
0.093150 140
0.045786 52
0.022906 141
0.234916 103
0.687717 16
0.075049 71
0.032115 285
0.037367 26
0.033074 26
0.035644 26
0.040822 26
0.019250 26
0.018522 26
0.022940 26
0.025055 26
0.026961 100
0.002819 60
0.002199 298
0.011628 31
0.098840 149
0.030059 47
0.005409 60
0.000278 149
0.004367 29
0.145537 149
0.037342 32
0.018041 149
0.201863 111
0.556685 64
0.029253 149
0.004831 30
0.017723 149
0.015140 149
0.018933 56
0.121027 53
2.580817 43
0.027289 149
0.227019 20
0.110699 114
418.842272 32
0.305397 57
0.269213 624
0.128285 49
1.408173 53
0.002983 202
0.004116 519
0.000099 156
0.049082 63
0.038052 69
0.008255 40
0.019507 40
0.660897 74
0.006045 90
0.003974 11
0.051066 49
0.000837 5
0.000206 69
0.015634 77
0.005580 51
2.063289 52
0.785676 55
2.218236 56
0.793934 61
0.009686 62
0.014561 28
0.004986 52
6.266579 55
0.008115 32
0.004522 47
0.024864 22
0.014253 54
0.016675 57
0.018303 53
0.017707 50
0.004704 1
0.000916 2
0.144121 74
0.052029 51
0.058280 55
0.138320 50
0.101808 67
0.003842 44
0.607778 75
0.003111 44
0.560276 64
0.078837 47
0.314349 57
0.005185 54
0.004831 48
0.005659 48
0.004218 52
0.003972 49
0.003829 50
0.004978 53
0.004518 54
0.004473 60
0.004195 57
0.004726 49
0.004640 63
0.004165 53
0.005069 52
0.005022 50
0.004071 51
0.007217 49
0.005014 72
0.004121 69
0.005205 56
0.004791 57
0.004107 59
0.004029 63
0.004603 61
0.004188 63
0.004148 63
0.004356 64
0.004529 57
0.004342 60
0.004154 63
0.004650 53
0.005401 49
0.004303 54
0.036290 63
0.024627 65
0.013183 42
0.018051 75
0.015974 68
0.024331 53
0.019592 63
0.038764 34
0.013965 74
0.027225 75
0.053190 55
0.016717 46
0.060548 71
0.040955 65
0.026273 84
0.003295 84
0.014702 77
0.033557 61
0.024520 77
0.016006 56
0.047479 73
0.021972 72
0.023941 60
0.025897 89
0.019732 53
0.021183 42
0.031203 65
0.028462 47
0.020134 49
0.021801 56
0.037108 55
0.021154 69
0.023292 65
0.020929 67
0.017727 66
0.022021 49
0.023848 77
0.014481 60
0.012775 69
0.038701 66
0.019199 68
0.023902 65
0.115081 45
0.021456 56
0.042930 67
0.015845 56
0.064995 46
0.019764 75
0.012349 66
0.037572 57
0.054150 77
0.014399 38
0.061564 58
0.018834 62
0.041074 67
0.160985 65
0.051999 63
0.036823 45
0.013692 52
0.075320 63
0.016170 42
0.011002 75
0.013573 71
0.027347 69
0.014970 34
0.011072 65
0.012411 64
0.012976 64
0.229562 62
0.018033 54
0.028831 68
0.023618 61
0.016591 55
0.018423 59
0.047792 64
0.074602 68
0.032200 72
0.044648 58
0.105391 89
0.070826 55
0.147007 68
0.026661 86
0.031811 55
0.029384 64
0.027378 84
0.031592 60
0.066727 62
0.061349 70
0.039157 57
0.064318 59
0.003737 35
0.211625 32
0.021631 64
0.021203 79
0.018628 66
0.056505 62
0.047941 75
0.005383 39
0.183034 64
0.005813 37
2.694411 56
0.211840 86
0.623692 60
7.603935 64
0.027374 65
0.025403 65
0.003631 25
0.030336 2
0.000749 67
0.000692 2
0.000955 31
0.000593 2
0.000821 31
0.000726 85
0.000695 2
0.000843 58
0.000837 2
0.001117 10
0.001113 78
0.000706 69
0.000922 66
0.000789 2
0.000739 11
0.000834 2
0.000789 67
0.000895 2
5.040872 84
0.044138 67
4.549570 63
0.005093 51
0.005117 38
0.012563 44
0.008700 32
0.006739 60
0.012739 71
0.023209 71
0.125115 66
0.075264 62
0.057063 40
0.045846 74
0.030600 56
0.025383 76
0.041964 58
0.054102 58
0.061139 87
0.209579 76
0.024578 1
0.001410 65
0.017589 70
0.047663 57
0.020716 59
0.178854 63
0.043431 76
0.021769 53
0.099586 48
0.016980 72
0.104830 68
0.085252 65
0.074579 69
0.029111 66
0.049140 66
0.022634 54
0.226839 70
0.030835 64
0.047316 60
0.426434 50
0.107114 70
0.026161 67
0.128434 74
0.023322 64
0.026791 63
0.035835 65
0.025777 61
0.026390 57
0.025963 69
0.036101 65
0.019950 58
0.153505 63
0.045778 71
0.207283 56
0.127659 69
0.188726 74
0.028547 61
0.072238 55
0.024376 26
0.085040 59
0.035156 59
0.025140 62
0.037647 69
0.037969 63
0.037924 63
0.049312 64
0.061126 64
0.041200 83
0.030447 44
0.062785 52
0.019001 48
0.065332 56
0.030664 72
0.218734 67
0.064269 67
0.037986 69
0.019856 70
0.025655 53
0.154771 81
0.061732 71
0.079795 74
0.160898 59
0.034402 69
8.251719 78
0.036125 60
0.016391 44
0.044884 38
0.016731 55
0.025686 71
0.036442 67
0.062090 19
0.003672 49
0.517110 62
0.013065 23
0.170681 46
0.077159 49
0.015019 47
0.014872 47
0.028171 76
0.025510 60
0.029221 60
0.028497 63
0.053475 68
0.059552 66
0.028702 71
0.057538 81
0.012744 42
0.333529 70
0.038554 81
0.019186 40
0.039173 56
0.124961 61
0.026320 74
0.074374 168
0.281406 65
0.039952 73
0.014423 44
0.048913 55
0.024557 45
0.023739 46
0.028938 45
0.025599 49
0.031658 46
0.025571 47
0.045801 50
0.026173 59
0.025939 63
0.026347 64
0.025255 64
0.026009 65
0.031988 73
0.104658 62
0.051660 60
0.020210 59
0.045875 73
0.023172 57
0.428824 62
0.025246 65
0.021773 62
0.030797 60
0.021559 61
0.021024 56
0.066857 67
0.019944 66
0.020222 68
0.050585 67
0.038925 70
0.022935 73
0.023466 65
0.035151 59
0.020134 79
0.036862 68
0.018777 70
0.372990 74
0.020941 76
0.020048 69
0.019813 75
0.019519 77
0.021334 71
0.019626 67
0.019735 74
0.020014 79
0.020456 84
0.020312 87
0.020888 81
0.020027 76
0.019872 81
0.018891 63
0.020998 65
0.019058 81
0.020077 76
0.033951 84
0.019567 80
0.129659 66
0.019632 55
0.047392 63
0.023858 59
0.000219 69
0.007588 57
0.001637 74
0.038100 128
0.004952 71
0.029144 122
0.003519 75
0.028143 194
0.026139 155
0.027427 180
0.026003 181
0.027058 277
0.028542 180
0.028968 223
0.033432 230
0.030832 186
0.031283 147
0.031563 179
0.039496 161
0.033095 144
0.029309 144
0.028819 157
0.029989 182
0.031747 180
0.034819 180
0.036235 186
0.030888 177
0.033967 199
0.031050 158
0.031855 155
0.029552 155
0.031816 154
0.030163 155
0.027835 157
0.029049 186
0.028580 145
0.029777 155
0.028414 157
0.028176 120
0.029532 144
0.030691 137
0.027339 220
0.027937 175
0.028488 158
0.029883 246
0.027816 259
0.027555 153
0.027425 260
0.000355 451
0.000125 288
0.000163 541
0.001898 361
0.000167 353
0.041806 2
0.000652 137
0.000247 2
0.019862 114
840.033922 53
0.000635 1
0.314257 167
0.000231 9
0.008365 52
0.000934 114
5.786853 68
0.183557 190
0.003888 52
0.001568 114
7.621398 51
0.279825 173
0.044697 27
2.515861 2
1.120638 30
0.002252 15
0.139253 19
0.020464 2637
0.000073 4095
0.000068 2066
0.008778 114
6.769891 64
0.323505 186
0.080695 75
0.002390 58
0.000252 41
0.001590 271
0.000193 352
0.001182 783
0.000336 236
0.000202 586
1.546366 108
2.279163 31
0.452161 71
0.004955 114
6.588401 81
0.316362 208
2.142382 19
0.000485 11
0.000161 114
6.520196 40
0.286871 62
0.000047 9
0.026915 29
0.023183 64
0.012781 64
0.095638 66
0.506560 103
0.002999 37
0.806718 49
0.008674 114
4.547779 35
0.290065 63
0.015364 75
0.011674 99
0.000848 623
0.000856 1239
1.559974 22
0.014757 22
0.014717 22
0.014880 22
0.017341 22
0.016428 22
0.016118 22
0.046800 18
0.000070 5
0.152647 21
0.031045 21
0.015924 21
0.029000 21
0.002911 21
0.025240 21
0.754080 6
0.000213 65
0.003496 114
7.638864 72
0.551238 199
2.145841 28
0.000082 2
0.000115 114
6.972782 78
0.323633 195
0.031596 29
0.019707 64
0.009787 64
0.099523 66
0.508009 103
0.001884 37
0.091655 34
0.007339 114
22.208213 161
0.675719 182
0.047629 45
0.001612 54
0.001182 71
0.424396 145
0.583580 29
0.018267 114
15.338554 211
0.273975 321
0.029387 114
0.003341 114
5.889771 64
0.291380 181
0.026885 119
0.003639 114
6.904609 25
0.184971 43
0.600898 80
0.016249 114
115.990906 51
0.160040 168
0.024972 114
3.512700 75
0.257177 192
0.030608 29
0.051883 64
0.032035 64
0.138457 66
0.532762 33
0.063715 103
0.001148 37
0.059971 275
1.025832 47
0.003732 23
0.045862 65
0.012910 103
0.028359 13
0.127531 169
0.000117 112
0.788404 85
0.004476 285
0.025654 26
0.024831 26
0.038798 26
0.034422 26
0.031280 26
0.023223 26
0.033782 26
0.034836 26
0.035372 100
0.002553 63
0.011670 43
0.091288 44
0.555786 114
3.260642 163
0.280599 166
0.145303 114
4.750388 195
0.272609 297
0.018238 105
0.002843 114
4.080240 61
0.239966 178
0.204284 13
0.368989 212
0.030408 526
0.018217 176
0.001492 117
0.131529 25
0.006889 168
0.016123 80
0.000884 48
0.000739 73
0.055484 128
0.038487 25
0.148673 25
0.024139 130
0.138833 13
0.172639 13
0.153431 64
0.251853 29
0.012025 29
0.004845 58
0.001954 58
0.013380 29
0.067538 58
0.014153 58
0.638448 30
0.429001 60
0.215421 60
0.004739 60
0.001186 60
0.019003 60
0.003546 30
0.000047 30
0.029254 30
0.095197 60
0.041139 60
0.112851 60
0.016927 60
0.178832 60
0.061758 60
0.002594 60
0.000934 60
0.002614 60
0.000274 60
0.001996 60
0.000348 60
0.000269 60
0.000671 60
0.035876 60
0.026032 60
0.030594 60
0.012278 60
0.087344 60
0.004574 30
0.044227 60
0.001816 60
0.086285 60
0.150923 33
0.062248 29
0.019420 64
0.012010 64
0.088017 66
0.386152 103
0.000686 37
0.440952 56
0.019208 65
0.003969 103
0.009623 13
0.072440 144
0.501110 32
0.500431 32
0.501489 34
0.501561 34
0.500564 34
0.501376 34
0.500418 34
0.501556 34
0.500334 34
0.501241 34
0.500898 34
0.501119 120
0.500894 120
0.501179 120
0.500377 120
0.501465 120
0.500708 120
0.501316 120
0.500900 120
0.500533 120
0.501375 120
0.501126 120
0.500665 120
0.501399 120
0.500624 120
0.501238 120
0.500931 120
0.501878 120
0.500191 120
0.500859 120
0.501603 120
0.243866 277
0.653546 71
0.003714 285
0.009464 26
0.004763 26
0.013217 26
0.001932 26
0.001625 26
0.007097 26
0.008177 26
0.008595 26
0.007652 100
0.004000 52
0.013325 30
1.418452 31
0.340620 114
37.120652 24
0.749320 41
0.162376 17
0.010517 114
15.118197 40
0.471471 73
1.043043 264
2.026097 121
0.185584 121
0.204398 121
0.195406 121
0.199165 121
0.200223 121
0.199762 121
0.200397 121
0.200820 121
0.199556 121
0.199059 121
0.200099 121
0.200933 121
0.199410 121
0.199778 121
0.200230 121
0.200072 121
0.200352 121
0.199265 121
0.200305 121
0.199631 121
0.200184 121
0.200078 121
0.200170 121
0.200889 121
0.198935 121
0.200578 121
0.199214 121
0.199999 121
0.200284 121
0.200605 121
0.198967 121
0.200538 121
0.200115 121
0.199652 121
0.200014 121
0.200249 121
0.199619 121
0.199795 121
0.200324 121
0.199781 121
0.200269 121
0.200056 121
0.200493 121
0.200100 121
0.199021 121
0.199988 121
0.200997 121
0.199907 121
0.200152 121
0.199287 121
0.200249 121
0.199956 121
0.200732 121
0.198805 121
0.200219 121
0.199761 121
0.200889 121
0.199855 121
0.199638 121
0.200129 121
0.199333 121
0.201213 121
0.199488 121
0.199407 121
0.200238 121
0.199938 121
0.200407 121
0.200212 121
0.199416 121
0.200423 121
0.199852 121
0.199736 121
0.199877 121
0.199971 121
0.200426 121
0.200178 121
0.199580 121
0.200015 121
0.200921 121
0.198872 121
0.200852 121
0.199019 121
0.200807 121
0.199264 121
0.200553 121
0.199905 121
0.200876 121
0.199459 121
0.199240 121
0.200389 121
0.200080 121
0.200155 121
0.200501 121
0.199206 121
0.201747 121
0.199335 121
0.199558 121
0.200155 121
0.199895 121
0.199902 121
0.203371 121
0.195930 121
0.200129 121
0.200181 121
0.199803 121
0.199889 121
0.199891 121
0.199939 121
0.199970 121
0.199954 121
0.201029 121
0.198862 121
0.200989 121
0.199980 121
0.199144 121
0.170197 123
0.000389 123
0.016369 114
31.352830 36
0.336198 149
0.000220 9
0.215231 445
2.484472 86
0.000084 126
0.018535 81
0.000453 197
0.044617 4095
0.000125 4095
0.000046 4095
0.000131 4095
0.000078 4095
0.000168 4095
0.000155 4095
0.001609 776
0.000728 4095
0.000080 4095
0.000280 4095
0.002435 4095
0.001296 283
0.016294 8
0.000029 106
5.785046 41
0.528038 75
0.193043 291
0.000128 154
15.787998 32
0.000457 16
0.000063 9
0.551117 2
31.790545 84
0.001094 107
0.192435 162
0.000431 197
0.944532 4095
0.000107 4095
0.001085 4095
0.000069 4095
0.000379 4095
0.001227 4095
0.000247 4095
0.000438 4095
0.000483 4095
0.000166 4095
0.000232 4095
0.000354 4095
0.000394 4095
0.000254 4095
0.001610 4095
0.000597 4095
0.000061 4095
0.000646 4095
0.000546 4095
0.000101 4095
0.000234 4095
0.000325 4095
0.000091 4095
0.000046 4095
0.000533 4095
0.000088 4095
0.000178 4095
0.000368 4095
0.000312 4095
0.000236 4095
0.000129 4095
0.000050 4095
0.000337 4095
0.000317 4095
0.000337 4095
0.000280 4095
0.000081 2821
0.000044 4095
0.000257 4095
0.000294 4095
0.000378 4095
0.000093 4095
0.000110 4095
0.000308 4095
0.000083 4095
0.000043 4095
0.000770 4095
0.000210 4095
0.000175 4095
0.000173 4095
0.000065 4095
0.000092 5631
0.000050 4095
0.000093 1202
0.000308 1050
0.000967 4095
0.000026 4095
0.000146 8192
0.000082 4095
0.000058 4095
0.001944 4095
0.001140 4095
0.000045 4095
0.001995 4095
0.000897 4095
0.000049 4095
0.000392 4095
0.000732 4095
0.000492 4095
0.000142 4095
0.000546 4095
0.000856 4095
0.000051 4095
0.000510 4095
0.000123 4095
0.000440 4095
0.000445 4095
0.000561 4095
0.000419 4095
0.000079 4095
0.000541 4095
0.000207 4095
0.000063 4095
0.000371 4095
0.000386 4095
0.000055 4095
0.000101 1816
0.000366 4095
0.000440 4095
0.000639 4095
0.000245 4095
0.000048 4095
0.000126 4095
0.000449 4095
0.000871 4095
0.000092 4095
0.000045 4095
0.000163 4095
0.000524 4095
0.000030 3832
0.000264 4095
0.000494 4095
0.003650 4095
0.000115 4095
0.000352 4095
0.000075 4095
0.000184 4095
0.000090 4095
0.000637 4095
0.000124 4095
0.000181 8192
0.000593 4095
0.000393 4095
0.000344 4095
0.000095 4095
0.000437 4095
0.000125 4095
0.000340 4095
0.000302 4095
0.000414 4095
0.000367 4095
0.000118 4095
0.000385 4095
0.000244 4095
0.000420 4095
0.000286 4095
0.000351 4095
0.000052 4095
0.000043 4095
0.000904 8192
0.000175 4095
0.000339 4095
0.000494 4095
0.000026 4095
0.000228 4095
0.000293 4095
0.000505 4095
0.000028 4095
0.000159 4095
0.000088 4095
0.000281 8192
0.000411 4095
0.000372 8192
0.000098 4095
0.000077 4095
0.000020 4095
0.000120 4095
0.000217 8192
0.000045 4095
0.000141 4095
0.000066 4095
0.000138 4095
0.000039 4095
0.000136 4095
0.000176 8192
0.000057 3769
0.000241 4095
0.000166 4095
0.000045 8192
0.000314 8192
0.000083 4095
0.000222 4095
0.000444 4095
0.000276 4095
0.000243 4095
0.000055 4095
0.000243 4095
0.000163 4095
0.000078 4095
0.000136 2489
0.004117 8192
0.000136 4095
0.000080 4095
0.000052 4095
0.000353 4095
0.000147 4095
0.000068 4095
0.000025 4095
0.000144 4095
0.000120 4095
0.000200 6815
0.000116 4095
0.000320 8192
0.000073 4095
0.000083 4095
0.000036 8192
0.000119 8192
0.000124 4095
0.000081 4095
0.000057 4095
0.000053 8192
0.000040 4071
0.000129 8192
0.000168 4095
0.000088 4095
0.000035 4095
0.000108 8192
0.000069 4095
0.000189 4095
0.000113 4095
0.000081 4095
0.000047 4095
0.000059 4095
0.001031 8040
0.000095 4095
0.000577 4095
0.000107 4095
0.001029 8192
0.000104 4095
0.000418 4095
0.000294 4095
0.000106 4095
0.000442 4095
0.000071 4095
0.000544 4095
0.000108 4095
0.000458 8192
0.000600 4095
0.000466 4095
0.000102 4095
0.000373 4095
0.000284 4095
0.000681 4095
0.000901 4095
0.000078 4095
0.000130 4095
0.000326 4095
0.000743 4095
0.000078 4095
0.000851 8192
0.000059 4095
0.000178 8192
0.000865 4095
0.000108 4095
0.000330 4095
0.000099 4095
0.000536 4095
0.000109 4095
0.000385 4095
0.000091 4095
0.000087 4095
0.000578 4095
0.000068 4095
0.000856 8192
0.000106 4095
0.000424 4095
0.000084 4095
0.000975 8192
0.000077 4095
0.000060 4095
0.000181 4095
0.000803 4095
0.000071 4095
0.000673 8192
0.000089 4095
0.000896 8192
0.000107 4095
0.001196 8192
0.000113 4095
0.000519 4095
0.000115 4095
0.000600 8192
0.000627 4095
0.000660 4095
0.000112 4095
0.000552 4095
0.000116 4095
0.000283 4095
0.000173 4095
0.000813 4095
0.000307 4095
0.000114 4095
0.000578 4095
0.000084 4095
0.000138 4095
0.000426 4095
0.000351 4095
0.000560 4095
0.000127 4095
0.000157 4095
0.000524 4095
0.000552 4095
0.000145 4095
0.000189 4095
0.000729 8192
0.000085 4095
0.000386 4095
0.000095 4095
0.000096 4095
0.000634 4095
0.000161 4095
0.000407 4095
0.000158 4095
0.000176 4095
0.000309 4095
0.000415 4095
0.000299 4095
0.000342 4095
0.000774 4095
0.000103 4095
0.000082 4095
0.000230 4095
0.000450 4095
0.000449 4095
0.000365 4095
0.000361 4095
0.000606 4095
0.000097 4095
0.000640 4095
0.000097 4095
0.000411 4095
0.000087 4095
0.000330 4095
0.000371 4095
0.000424 4095
0.000380 4095
0.000746 4095
0.000398 4095
0.000564 4095
0.000089 4095
0.000518 4095
0.000046 4095
0.000579 8192
0.000593 4095
0.000103 4095
0.000159 4095
0.000221 4095
0.000342 4095
0.000451 4095
0.000087 4095
0.000158 4095
0.000461 4095
0.000508 4095
0.000106 4095
0.000456 4095
0.000088 4095
0.000496 4095
0.000086 4095
0.000303 4095
0.000066 4095
0.000642 8192
0.000468 4095
0.000074 4095
0.000065 4095
0.000215 4095
0.000191 4095
0.000402 4095
0.000200 4095
0.000446 4095
0.000510 4095
0.000102 4095
0.000155 4095
0.000622 4095
0.000108 4095
0.000874 8192
0.000258 4095
0.001017 4095
0.000092 4095
0.000496 4095
0.000077 4095
0.000035 4095
0.000509 8192
0.000676 4095
0.000835 4095
0.000100 4095
0.001016 8192
0.000088 4095
0.000095 4095
0.000489 8192
0.000291 4095
0.000527 4095
0.000065 1278
0.016592 114
0.000378 68
0.122510 445
3.874970 84
0.002271 107
0.203971 162
0.000301 197
0.107573 4095
0.000080 4095
0.000500 6401
0.000195 4095
0.000064 4095
0.000016 4095
0.000274 4095
0.000231 4095
0.000014 4095
0.000162 4095
0.000180 4095
0.000098 4095
0.000021 4095
0.000156 4095
0.000068 4095
0.000021 4095
0.000128 4095
0.000143 4095
0.000171 8192
0.000058 4095
0.000015 1293
0.000201 4095
0.000146 4095
0.000020 4095
0.000133 4095
0.000058 4095
0.000159 4095
0.000074 4095
0.000141 4095
0.000097 4095
0.000015 4095
0.000107 4095
0.000064 1404
0.012071 114
210.010483 17
0.284536 27
0.048618 575
0.006351 68
0.002385 114
9.373323 18
0.558745 29
