0.037956 114
7.314383 70
1.069424 154
0.200473 1
0.173721 1
0.177850 1
0.183776 1
0.184738 1
0.201586 1
0.176069 216
0.205317 1
0.180200 1
0.197112 1
0.178298 1
0.190872 1
0.193145 1
0.192619 1
0.929709 203
0.160543 197
0.664948 195
0.191869 198
0.204451 201
0.216935 204
0.246512 207
0.163969 210
0.201105 213
0.189830 218
0.351324 14
0.026616 373
1.005064 33
1.006791 34
0.613792 46
0.000503 114
8.116565 73
0.740784 179
0.013660 47
0.000457 114
5.040462 16
0.642882 23
0.004710 37
0.000808 114
6.886337 18
0.695787 29
0.595221 72
0.003320 114
13.100776 18
0.628964 29
0.000192 159
5.620187 38
0.584595 69
0.080770 27
2.924249 2
0.139184 75
0.000423 56
0.001064 391
0.000048 12
3.184882 6
0.000701 65
0.020286 114
8.147450 85
3.079704 191
0.700266 78
0.015803 114
6.383435 38
0.378084 160
0.424417 114
21.276171 38
0.604626 69
0.021662 75
0.000229 56
0.000892 403
3.902623 6
0.000392 65
0.006692 114
10.101170 79
0.619917 173
0.441053 78
0.005018 114
66.456966 28
0.537824 49
0.255394 13
0.127950 160
0.018587 72
0.133622 72
0.009990 231
0.016619 72
0.000893 72
0.019878 72
0.208829 276
0.126120 81
0.101172 120
0.012966 25
0.024463 167
0.078896 57
0.096675 199
0.190177 104
0.000325 59
0.025581 217
0.098086 131
0.019351 148
0.000019 72
0.012324 591
0.155352 307
0.001516 72
0.001572 238
0.004090 72
0.000173 72
0.014628 314
0.000249 310
0.067617 139
0.000301 72
0.007267 140
0.000182 72
0.002136 140
0.000250 72
0.018851 132
0.091571 72
0.071387 131
0.000083 72
0.036426 131
0.000120 72
0.009674 221
0.013264 143
0.000061 72
0.005217 143
0.126887 108
0.024325 192
0.094494 71
0.341627 426
0.024748 435
0.000352 165
0.000381 309
0.000406 310
0.000369 134
0.169558 312
0.110221 319
0.054541 117
0.000111 209
0.005715 316
0.114799 96
0.000289 67
0.167207 104
0.000293 69
0.000385 106
0.000299 61
0.007112 98
0.000113 67
0.002036 104
0.000126 69
0.000277 106
0.000233 61
0.232239 315
0.065788 107
0.000038 72
0.034120 128
0.000205 219
0.053362 116
0.000093 72
0.049364 188
0.002626 116
0.000119 69
0.000229 332
0.007254 117
0.001364 202
0.232824 98
0.000127 68
0.050921 106
0.000310 70
0.103640 108
0.000127 68
0.006970 106
0.242595 195
0.000026 62
0.097203 321
0.003523 1731
0.000031 186
0.000497 97
0.018988 185
0.000350 115
0.005821 204
0.002632 322
0.001775 118
0.000722 213
0.002238 119
0.001699 331
0.004390 211
0.000065 117
0.004502 201
0.000188 109
0.005008 211
0.000247 95
0.374277 42
0.002065 34
0.175506 48
0.000036 36
0.000535 50
0.000091 34
0.000398 48
0.000128 28
0.009068 42
0.000531 34
0.002972 48
0.000403 36
0.000879 50
0.000443 34
0.000634 48
0.001544 28
0.008408 76
0.001679 48
0.000705 36
0.001633 50
0.000163 34
0.000448 48
0.000327 28
0.007399 42
0.001277 82
0.000275 36
0.001884 50
0.000205 34
0.000737 49
0.000240 37
0.000473 81
0.000477 44
0.000218 37
0.000400 103
3.902738 29
0.013213 29
0.006170 29
0.000729 29
0.011065 29
0.048061 29
0.000279 29
0.018823 29
0.000516 29
0.658977 30
0.312181 30
0.000497 30
0.165238 30
0.000890 30
0.005956 30
0.001010 30
0.001137 30
0.000539 30
0.018654 30
0.000570 30
0.003047 60
0.134390 60
0.038017 60
0.035861 30
0.069791 60
0.013895 60
0.134674 60
0.063892 60
0.002894 60
0.001506 60
0.002562 60
0.000265 60
0.006471 60
0.002621 90
0.000590 30
0.001032 60
0.040810 60
0.022822 60
0.030250 60
0.010600 60
0.070878 60
0.039353 60
0.001433 60
0.091516 30
0.000598 30
0.102174 33
0.028051 114
8.272809 45
0.550400 375
0.000726 9
0.027913 29
0.027663 64
0.029832 64
0.066591 66
0.287433 70
0.000610 33
0.000478 37
0.761986 42
0.002389 17
0.098666 65
0.070420 100
0.009398 22
0.500586 34
0.367429 191
0.083795 116
0.564253 16
0.048138 23
0.029760 285
0.030934 26
0.033991 26
0.033550 26
0.024516 26
0.023029 26
0.024379 26
0.037765 26
0.025478 26
0.021645 100
0.001386 72
0.000117 101
0.008103 101
0.002950 76
0.051299 101
0.062405 51
0.009396 101
0.006927 101
0.006532 53
3.619139 20
0.131055 114
344.784373 72
0.606080 178
0.001275 10
0.000376 114
0.027152 238
0.004570 43
9.022389 19
0.000106 11
0.000225 71
0.001135 114
58.804790 32
0.593152 57
0.474205 57
0.003748 114
9.079153 15
2.176015 1
0.000028 12
2.077280 1
0.810751 1
0.170594 1
0.231496 1
0.860703 1
2.555293 1
0.195069 1
1.338643 1
0.298189 1
1.493417 1
0.213488 1
1.648494 1
0.436400 1
1.567381 1
0.448684 1
0.308558 1
2.147847 1
1.144469 1
0.470572 1
0.224306 1
0.204320 1
0.905825 1
0.982153 1
2.104662 1
0.217406 1
0.609601 1
0.215440 1
4.278965 3
4.003653 1
0.462038 1
1.641061 1
0.383891 1
0.783847 1
1.160969 1
0.547900 11
0.072764 91
0.012470 114
74.089421 83
0.293099 180
0.968897 85
0.018288 114
11.370485 35
0.269939 63
0.013039 91
0.002202 114
5.976831 66
0.414464 160
0.406728 55
1.755415 181
0.013632 114
5.363308 35
0.202020 63
0.016109 91
0.001860 114
34.512173 22
0.229559 37
0.347196 604
0.000027 34
0.000033 77
0.003052 114
30.895164 64
0.342593 158
0.390646 66
0.536814 114
4.311830 35
0.216202 63
0.015419 923
0.002026 114
63.113336 35
0.459958 63
0.013691 861
0.000060 62
0.003064 114
14.344454 78
0.639940 172
0.598526 78
0.007746 114
18.161590 69
0.644031 163
0.000761 10
0.000304 114
0.008786 238
0.130664 24
0.027069 24
0.022559 24
0.025438 24
0.023665 25
0.031682 25
0.028242 25
0.028354 25
0.029382 25
0.021313 645
0.001967 458
7.954751 28
0.000099 73
0.000684 114
113.833938 81
0.680295 175
0.446111 78
0.006217 114
6.725437 38
0.487698 160
0.317246 114
1118.343530 66
0.678054 151
0.000271 9
0.064553 27
2.658632 2
0.138783 62
0.000155 123
0.001272 386
0.000135 17
23.484991 6
0.001211 8
0.023937 28
0.012354 596
19.722765 6
0.000205 18
0.382509 6
0.003359 226
6.715314 197
3.404341 19
2.296466 6
0.011869 339
3.055951 19
0.984380 19
1.822009 6
0.000064 325
0.000226 7
0.568545 6
0.000066 191
2.792754 19
0.628048 19
0.329736 19
0.260319 19
0.267466 19
0.605398 7
0.000180 12
2.074984 345
11.947534 7
0.000074 12
1.007230 19
0.822408 338
2.615959 197
2.322554 19
0.439474 19
0.323240 19
0.459753 6
0.000059 13
1.953023 345
1.482983 233
0.000038 170
5.739974 21
0.027374 21
0.052734 21
0.068189 21
127.784961 6
0.000237 45
2.149387 6
0.000371 59
3.449806 197
1.644946 19
0.858316 19
0.229379 19
0.211575 19
0.206454 19
0.205835 19
0.205329 19
0.186185 7
0.000087 12
0.209789 19
0.197646 19
2.462568 19
0.155351 19
37.173712 6
0.000309 339
0.604153 244
0.000057 159
84.912303 6
0.000102 45
1.037443 6
0.000368 59
1.918447 18
0.000080 95
0.378053 33
0.413813 197
1.878144 67
0.013775 114
7.316653 33
0.339704 50
0.000173 9
0.008168 114
5.102548 42
0.199470 77
0.013091 62
0.000109 13
0.000818 56
0.000932 386
0.000021 17
8.964104 6
0.000165 8
0.003923 28
0.001016 190
0.000014 61
0.000010 83
0.000074 81
0.000012 14
0.000130 167
10.771776 6
0.000272 18
0.351325 6
0.001642 162
0.000067 64
4.021098 12
0.000168 185
2.061635 6
0.000285 338
0.251380 6
0.000427 45
0.016404 69
0.000445 61
0.001260 114
142.540631 113
0.278736 191
0.000402 9
0.019031 134
9.749606 18
0.304270 29
0.005185 75
0.000408 56
0.000549 403
5.243722 6
0.000085 8
0.003627 28
0.001007 165
1.813652 23
1.556217 6
0.000089 190
1.540567 320
1.142159 6
0.000522 41
0.014687 68
0.000271 61
0.001076 134
6.347052 32
0.288790 57
0.005262 75
0.000694 56
0.000888 386
0.000033 17
8.247494 14
0.020378 28
0.001368 606
0.000211 385
0.000026 12
14.155496 6
0.000070 191
0.716189 6
0.000021 167
0.000032 149
0.000116 12
0.364476 6
0.000216 45
0.015085 130
0.001102 134
30.110514 61
0.704484 184
0.246188 58
0.184667 58
0.002302 134
3.343574 56
0.232131 170
0.038067 134
4.529169 29
0.207976 51
0.008090 62
0.000064 13
0.000797 56
0.000619 103
0.000044 114
0.000172 186
6.722915 6
0.000134 5
0.000020 3
0.010947 28
0.003711 193
0.000119 309
0.000091 25
0.000123 69
0.000393 313
0.000048 109
0.000131 89
0.000061 96
0.000055 38
0.000020 24
0.000117 42
2.480771 6
0.000166 191
0.659644 12
0.000057 257
0.000264 62
0.352247 6
0.000259 42
0.015071 69
0.000092 9
0.000039 12
0.000012 32
0.000034 8
0.001341 134
70.560898 54
0.450360 168
0.010647 134
5.705290 54
0.294228 168
0.005758 75
0.000762 56
0.000577 103
0.000042 145
0.000045 27
0.000046 111
0.000099 17
6.403485 6
0.000604 8
0.007589 28
0.002070 186
0.000044 74
0.000158 174
0.000019 214
0.000093 259
2.369662 6
0.000033 142
0.000196 49
1.099453 6
0.000150 332
0.737399 6
0.000392 45
0.014828 69
0.000435 61
0.000854 134
4.396229 73
0.252439 187
0.646242 122
0.099216 126
0.100694 126
0.099769 126
0.100307 126
0.099293 126
0.100860 126
0.099855 126
0.099906 126
0.099852 126
0.100157 126
0.099188 26
0.000532 100
0.100083 126
0.100159 126
0.099750 120
0.000238 6
0.100065 126
0.099543 126
0.099930 126
0.100275 126
0.100488 126
0.099433 126
0.099559 26
0.000036 100
0.099950 14
0.000093 112
0.099793 126
0.100799 126
0.099609 126
0.100391 126
0.099505 126
0.100431 14
0.000202 112
0.098964 118
0.000026 8
0.100691 126
0.099832 126
0.100200 126
0.099577 126
0.099620 126
0.101000 126
0.100056 126
0.100009 126
0.099067 151
0.100622 145
0.000079 6
0.099217 26
0.000074 125
0.100742 151
0.099754 151
0.099648 151
0.100037 151
0.100616 26
0.000027 125
0.099527 14
0.000069 137
0.100030 151
0.100041 151
0.099598 151
0.100437 151
0.099509 151
0.100156 26
0.000301 125
0.100081 151
0.099537 26
0.000059 125
0.100177 151
0.099890 14
0.000543 12
0.000055 125
0.099236 151
0.100476 151
0.099972 151
0.099885 151
0.100593 151
0.099755 151
0.100113 151
0.099492 151
0.099927 26
0.000068 125
0.100462 151
0.099388 26
0.000090 125
0.099790 26
0.000101 125
0.100663 156
0.099872 27
0.000146 129
0.100120 27
0.000070 129
0.099754 156
0.099444 156
0.100423 27
0.000033 123
0.000091 6
0.099510 156
0.100264 156
0.099346 156
0.100776 156
0.099872 156
0.099690 150
0.000082 6
0.099877 156
0.100316 156
0.100284 156
0.100031 27
0.000059 129
0.099190 156
0.099973 156
0.099995 156
0.099907 156
0.100068 156
0.100844 156
0.099592 156
0.099773 156
0.100679 156
0.099062 27
0.000074 129
0.100298 156
0.099316 27
0.000032 129
0.100198 156
0.100452 27
0.000148 129
0.099653 156
0.100498 156
0.099186 148
0.000075 8
0.100334 156
0.100324 156
0.099356 156
0.100890 156
0.099744 156
0.099338 156
0.100804 156
0.100224 156
0.099596 156
0.099662 150
0.000068 6
0.099959 156
0.100184 27
0.000055 129
0.099568 14
0.000119 142
0.099650 27
0.000039 129
0.100109 156
0.099599 156
0.100647 156
0.100150 156
0.100610 27
0.000033 129
0.099153 156
0.100190 27
0.000034 129
0.100535 156
0.099994 156
0.100346 156
0.099712 27
0.000067 129
0.098902 156
0.100997 156
0.099331 27
0.000067 129
0.099805 156
0.100106 27
0.000031 129
0.099688 14
0.000039 136
0.000032 6
0.100847 156
0.099568 156
0.100423 156
0.099076 156
0.100922 156
0.099098 156
0.100988 156
0.099872 156
0.099910 156
0.099507 156
0.100523 156
0.100038 156
0.099124 156
0.100401 156
0.099828 156
0.100391 27
0.000047 129
0.099142 156
0.100155 156
0.100553 156
0.099904 156
0.099932 156
0.100352 27
0.000136 129
0.099984 150
0.000113 6
0.099654 156
0.100466 156
0.099623 156
0.099667 156
0.100467 156
0.099927 156
0.099667 156
0.100330 156
0.100310 156
0.099660 156
0.099849 156
0.100156 156
0.099622 156
0.100029 156
0.100198 27
0.000227 129
0.099272 156
0.099976 150
0.000112 6
0.100498 156
0.100283 156
0.100005 27
0.000066 129
0.099025 27
0.000246 129
0.099715 156
0.099801 156
0.100521 156
0.100122 156
0.099927 156
0.100299 156
0.099883 156
0.099700 27
0.000047 129
0.099780 156
0.100492 27
0.001187 129
0.098288 27
0.000116 129
0.100172 156
0.100075 156
0.099792 27
0.000034 129
0.099857 156
0.099894 27
0.000027 129
0.100699 27
0.000027 129
0.099874 27
0.000155 129
0.099618 27
0.000026 129
0.100088 27
0.000166 123
0.000163 6
0.099307 27
0.000038 129
0.099619 27
0.000189 129
0.100708 137
0.099883 230
0.099874 335
0.000046 99
0.099832 131
0.000043 303
0.099389 434
0.100785 233
0.000106 201
0.099311 434
0.042202 435
0.000044 8
0.007394 134
263.035012 54
0.292108 168
0.000949 134
6.148599 43
0.298682 166
0.036570 75
0.000795 56
0.000451 103
0.000028 145
0.000040 27
0.000009 86
0.000137 42
7.786491 6
0.000309 8
0.008089 28
0.012312 632
0.000024 342
0.000029 56
0.000030 59
0.000012 26
0.000010 44
0.000055 56
0.000052 83
0.000127 183
1.833716 6
0.000480 191
1.122567 6
0.000314 330
0.293085 6
0.000077 45
0.013161 69
0.000305 61
0.001309 134
121.718579 18
0.659792 20
0.000447 9
0.685582 557
0.003249 134
6.259361 31
0.603139 55
0.505892 59
0.005333 134
12.988564 58
0.263623 181
0.005776 75
0.011440 56
0.000595 97
0.000237 306
4.750992 6
0.001046 8
0.019944 28
0.001298 153
0.000051 198
0.000028 137
0.000046 162
0.000094 184
0.000102 319
0.000035 12
3.338996 197
1.310232 6
0.000152 325
0.486373 6
0.010812 42
0.007363 122
0.000039 8
0.001817 114
7.169549 62
0.491951 165
0.010572 94
0.010805 124
0.000645 114
10.974506 13
0.230038 25
